1.000000000000000000, 1.000000000000000000
0.888888888888888888, 0.555555555555555555, 0.555555555555555555
0.652145154862546142, 0.652145154862546142, 0.347854845137453857, 0.347854845137453857
0.568888888888888888, 0.478628670499366468, 0.478628670499366468, 0.236926885056189087, 0.236926885056189087
0.360761573048138607, 0.360761573048138607, 0.467913934572691047, 0.467913934572691047, 0.171324492379170345, 0.171324492379170345
0.417959183673469387, 0.381830050505118944, 0.381830050505118944, 0.279705391489276667, 0.279705391489276667, 0.129484966168869693, 0.129484966168869693
0.362683783378361982, 0.362683783378361982, 0.313706645877887287, 0.313706645877887287, 0.222381034453374470, 0.222381034453374470, 0.101228536290376259, 0.101228536290376259
0.330239355001259763, 0.180648160694857404, 0.180648160694857404, 0.081274388361574411, 0.081274388361574411, 0.312347077040002840, 0.312347077040002840, 0.260610696402935462, 0.260610696402935462
0.295524224714752870, 0.295524224714752870, 0.269266719309996355, 0.269266719309996355, 0.219086362515982043, 0.219086362515982043, 0.149451349150580593, 0.149451349150580593, 0.066671344308688137, 0.066671344308688137
0.272925086777900630, 0.262804544510246662, 0.262804544510246662, 0.233193764591990479, 0.233193764591990479, 0.186290210927734251, 0.186290210927734251, 0.125580369464904624, 0.125580369464904624, 0.055668567116173666, 0.055668567116173666
0.249147045813402785, 0.249147045813402785, 0.233492536538354808, 0.233492536538354808, 0.203167426723065921, 0.203167426723065921, 0.160078328543346226, 0.160078328543346226, 0.106939325995318430, 0.106939325995318430, 0.047175336386511827, 0.047175336386511827
0.232551553230873910, 0.226283180262897238, 0.226283180262897238, 0.207816047536888502, 0.207816047536888502, 0.178145980761945738, 0.178145980761945738, 0.138873510219787238, 0.138873510219787238, 0.092121499837728447, 0.092121499837728447, 0.040484004765315879, 0.040484004765315879
0.215263853463157790, 0.215263853463157790, 0.205198463721295603, 0.205198463721295603, 0.185538397477937813, 0.185538397477937813, 0.157203167158193534, 0.157203167158193534, 0.121518570687903184, 0.121518570687903184, 0.080158087159760209, 0.080158087159760209, 0.035119460331751863, 0.035119460331751863
0.202578241925561272, 0.198431485327111576, 0.198431485327111576, 0.186161000015562211, 0.186161000015562211, 0.166269205816993933, 0.166269205816993933, 0.139570677926154314, 0.139570677926154314, 0.107159220467171935, 0.107159220467171935, 0.070366047488108124, 0.070366047488108124, 0.030753241996117268, 0.030753241996117268
0.189450610455068496, 0.189450610455068496, 0.182603415044923588, 0.182603415044923588, 0.169156519395002538, 0.169156519395002538, 0.149595988816576732, 0.149595988816576732, 0.124628971255533872, 0.124628971255533872, 0.095158511682492784, 0.095158511682492784, 0.062253523938647892, 0.062253523938647892, 0.027152459411754094, 0.027152459411754094
0.179446470356206525, 0.176562705366992646, 0.176562705366992646, 0.168004102156450044, 0.168004102156450044, 0.154045761076810288, 0.154045761076810288, 0.135136368468525473, 0.135136368468525473, 0.111883847193403971, 0.111883847193403971, 0.085036148317179180, 0.085036148317179180, 0.055459529373987201, 0.055459529373987201, 0.024148302868547931, 0.024148302868547931
0.169142382963143591, 0.169142382963143591, 0.164276483745832722, 0.164276483745832722, 0.154684675126265244, 0.154684675126265244, 0.140642914670650651, 0.140642914670650651, 0.122555206711478460, 0.122555206711478460, 0.100942044106287165, 0.100942044106287165, 0.076425730254889056, 0.076425730254889056, 0.049714548894969796, 0.049714548894969796, 0.021616013526483310, 0.021616013526483310
0.161054449848783695, 0.158968843393954347, 0.158968843393954347, 0.152766042065859666, 0.152766042065859666, 0.142606702173606611, 0.142606702173606611, 0.128753962539336227, 0.128753962539336227, 0.111566645547333994, 0.111566645547333994, 0.091490021622449999, 0.091490021622449999, 0.069044542737641226, 0.069044542737641226, 0.044814226765699600, 0.044814226765699600, 0.019461788229726477, 0.019461788229726477
0.152753387130725850, 0.152753387130725850, 0.149172986472603746, 0.149172986472603746, 0.142096109318382051, 0.142096109318382051, 0.131688638449176626, 0.131688638449176626, 0.118194531961518417, 0.118194531961518417, 0.101930119817240435, 0.101930119817240435, 0.083276741576704748, 0.083276741576704748, 0.062672048334109063, 0.062672048334109063, 0.040601429800386941, 0.040601429800386941, 0.017614007139152118, 0.017614007139152118
0.146081133649690427, 0.144524403989970059, 0.144524403989970059, 0.139887394791073154, 0.139887394791073154, 0.132268938633337461, 0.132268938633337461, 0.121831416053728534, 0.121831416053728534, 0.108797299167148377, 0.108797299167148377, 0.093444423456033861, 0.093444423456033861, 0.076100113628379302, 0.076100113628379302, 0.057134425426857208, 0.057134425426857208, 0.036953789770852493, 0.036953789770852493, 0.016017228257774333, 0.016017228257774333
0.139251872855631993, 0.139251872855631993, 0.136541498346015171, 0.136541498346015171, 0.131173504787062370, 0.131173504787062370, 0.123252376810512424, 0.123252376810512424, 0.112932296080539218, 0.112932296080539218, 0.100414144442880964, 0.100414144442880964, 0.085941606217067727, 0.085941606217067727, 0.069796468424520488, 0.069796468424520488, 0.052293335152683285, 0.052293335152683285, 0.033774901584814154, 0.033774901584814154, 0.014627995298272200, 0.014627995298272200
0.133654572186106175, 0.132462039404696617, 0.132462039404696617, 0.128905722188082149, 0.128905722188082149, 0.123049084306729530, 0.123049084306729530, 0.114996640222411364, 0.114996640222411364, 0.104892091464541410, 0.104892091464541410, 0.092915766060035147, 0.092915766060035147, 0.079281411776718954, 0.079281411776718954, 0.064232421408525852, 0.064232421408525852, 0.048037671731084668, 0.048037671731084668, 0.030988005856979444, 0.030988005856979444, 0.013411859487141772, 0.013411859487141772
0.127938195346752156, 0.127938195346752156, 0.125837456346828296, 0.125837456346828296, 0.121670472927803391, 0.121670472927803391, 0.115505668053725601, 0.115505668053725601, 0.107444270115965634, 0.107444270115965634, 0.097618652104113888, 0.097618652104113888, 0.086190161531953275, 0.086190161531953275, 0.073346481411080305, 0.073346481411080305, 0.059298584915436780, 0.059298584915436780, 0.044277438817419806, 0.044277438817419806, 0.028531388628933663, 0.028531388628933663, 0.012341229799987199, 0.012341229799987199
0.123176053726715451, 0.122242442990310041, 0.122242442990310041, 0.119455763535784772, 0.119455763535784772, 0.114858259145711648, 0.114858259145711648, 0.108519624474263653, 0.108519624474263653, 0.100535949067050644, 0.100535949067050644, 0.091028261982963649, 0.091028261982963649, 0.080140700335001018, 0.080140700335001018, 0.068038333812356917, 0.068038333812356917, 0.054904695975835191, 0.054904695975835191, 0.040939156701306312, 0.040939156701306312, 0.026354986615032137, 0.026354986615032137, 0.011393798501026287, 0.011393798501026287
0.118321415279262276, 0.118321415279262276, 0.116660443485296582, 0.116660443485296582, 0.113361816546319666, 0.113361816546319666, 0.108471840528576590, 0.108471840528576590, 0.102059161094425423, 0.102059161094425423, 0.094213800355914148, 0.094213800355914148, 0.085045894313485239, 0.085045894313485239, 0.074684149765659745, 0.074684149765659745, 0.063274046329574835, 0.063274046329574835, 0.050975825297147811, 0.050975825297147811, 0.037962383294362763, 0.037962383294362763, 0.024417851092631908, 0.024417851092631908, 0.010551372617343007, 0.010551372617343007
0.114220867378956989, 0.113476346108965148, 0.113476346108965148, 0.111252488356845192, 0.111252488356845192, 0.107578285788533187, 0.107578285788533187, 0.102501637817745798, 0.102501637817745798, 0.096088727370028507, 0.096088727370028507, 0.088423158543756950, 0.088423158543756950, 0.079604867773057771, 0.079604867773057771, 0.069748823766245592, 0.069748823766245592, 0.058983536859833599, 0.058983536859833599, 0.047449412520615062, 0.047449412520615062, 0.035297053757419711, 0.035297053757419711, 0.022686231596180623, 0.022686231596180623, 0.009798996051294360, 0.009798996051294360
0.110047013016475196, 0.110047013016475196, 0.108711192258294135, 0.108711192258294135, 0.106055765922846417, 0.106055765922846417, 0.102112967578060769, 0.102112967578060769, 0.096930657997929915, 0.096930657997929915, 0.090571744393032840, 0.090571744393032840, 0.083113417228901218, 0.083113417228901218, 0.074646214234568779, 0.074646214234568779, 0.065272923966999595, 0.065272923966999595, 0.055107345675716745, 0.055107345675716745, 0.044272934759004227, 0.044272934759004227, 0.032901427782304379, 0.032901427782304379, 0.021132112592771259, 0.021132112592771259, 0.009124282593094517, 0.009124282593094517
0.106479381718314244, 0.105876155097320941, 0.105876155097320941, 0.104073310077729373, 0.104073310077729373, 0.101091273759914966, 0.101091273759914966, 0.096963834094408606, 0.096963834094408606, 0.091737757139258763, 0.091737757139258763, 0.085472257366172527, 0.085472257366172527, 0.078238327135763783, 0.078238327135763783, 0.070117933255051278, 0.070117933255051278, 0.061203090657079138, 0.061203090657079138, 0.051594826902497923, 0.051594826902497923, 0.041402062518682836, 0.041402062518682836, 0.030740492202093622, 0.030740492202093622, 0.019732085056122705, 0.019732085056122705, 0.008516903878746409, 0.008516903878746409
0.102852652893558840, 0.102852652893558840, 0.101762389748405504, 0.101762389748405504, 0.099593420586795267, 0.099593420586795267, 0.096368737174644259, 0.096368737174644259, 0.092122522237786128, 0.092122522237786128, 0.086899787201082979, 0.086899787201082979, 0.080755895229420215, 0.080755895229420215, 0.073755974737705206, 0.073755974737705206, 0.065974229882180495, 0.065974229882180495, 0.057493156217619066, 0.057493156217619066, 0.048402672830594052, 0.048402672830594052, 0.038799192569627049, 0.038799192569627049, 0.028784707883323369, 0.028784707883323369, 0.018466468311090959, 0.018466468311090959, 0.007968192496166605, 0.007968192496166605
0.099720544793426451, 0.099225011226672307, 0.099225011226672307, 0.097743335386328725, 0.097743335386328725, 0.095290242912319512, 0.095290242912319512, 0.091890113893641478, 0.091890113893641478, 0.087576740608477876, 0.087576740608477876, 0.082392991761589263, 0.082392991761589263, 0.076390386598776616, 0.076390386598776616, 0.069628583235410366, 0.069628583235410366, 0.062174786561028426, 0.062174786561028426, 0.054103082424916853, 0.054103082424916853, 0.045493707527201102, 0.045493707527201102, 0.036432273912385464, 0.036432273912385464, 0.027009019184979421, 0.027009019184979421, 0.017318620790310582, 0.017318620790310582, 0.007470831579248775, 0.007470831579248775
0.096540088514727800, 0.096540088514727800, 0.095638720079274859, 0.095638720079274859, 0.093844399080804565, 0.093844399080804565, 0.091173878695763884, 0.091173878695763884, 0.087652093004403811, 0.087652093004403811, 0.083311924226946755, 0.083311924226946755, 0.078193895787070306, 0.078193895787070306, 0.072345794108848506, 0.072345794108848506, 0.065822222776361846, 0.065822222776361846, 0.058684093478535547, 0.058684093478535547, 0.050998059262376176, 0.050998059262376176, 0.042835898022226680, 0.042835898022226680, 0.034273862913021433, 0.034273862913021433, 0.025392065309262059, 0.025392065309262059, 0.016274394730905670, 0.016274394730905670, 0.007018610009470096, 0.007018610009470096
0.093768446160209996, 0.093356426065596116, 0.093356426065596116, 0.092123986643316846, 0.092123986643316846, 0.090081958660638577, 0.090081958660638577, 0.087248287618844337, 0.087248287618844337, 0.083647876067038707, 0.083647876067038707, 0.079312364794886738, 0.079312364794886738, 0.074279854843954149, 0.074279854843954149, 0.068594572818656712, 0.068594572818656712, 0.062306482530317480, 0.062306482530317480, 0.055470846631663561, 0.055470846631663561, 0.048147742818711695, 0.048147742818711695, 0.040401541331669591, 0.040401541331669591, 0.032300358632328953, 0.032300358632328953, 0.023915548101749480, 0.023915548101749480, 0.015321701512934676, 0.015321701512934676, 0.006606227847587378, 0.006606227847587378
0.090956740330259873, 0.090956740330259873, 0.090203044370640729, 0.090203044370640729, 0.088701897835693869, 0.088701897835693869, 0.086465739747035749, 0.086465739747035749, 0.083513099699845655, 0.083513099699845655, 0.079868444339771844, 0.079868444339771844, 0.075561974660031931, 0.075561974660031931, 0.070629375814255724, 0.070629375814255724, 0.065111521554076411, 0.065111521554076411, 0.059054135827524493, 0.059054135827524493, 0.052507414572678106, 0.052507414572678106, 0.045525611523353272, 0.045525611523353272, 0.038166593796387516, 0.038166593796387516, 0.030491380638446131, 0.030491380638446131, 0.022563721985494970, 0.022563721985494970, 0.014450162748595035, 0.014450162748595035, 0.006229140555908684, 0.006229140555908684
0.088486794907104290, 0.088140530430275462, 0.088140530430275462, 0.087104446997183534, 0.087104446997183534, 0.085386653392099125, 0.085386653392099125, 0.083000593728856588, 0.083000593728856588, 0.079964942242324262, 0.079964942242324262, 0.076303457155442053, 0.076303457155442053, 0.072044794772560064, 0.072044794772560064, 0.067222285269086903, 0.067222285269086903, 0.061873671966080188, 0.061873671966080188, 0.056040816212370128, 0.056040816212370128, 0.049769370401353529, 0.049769370401353529, 0.043108422326170218, 0.043108422326170218, 0.036110115863463380, 0.036110115863463380, 0.028829260108894254, 0.028829260108894254, 0.021322979911483580, 0.021322979911483580, 0.013650828348361492, 0.013650828348361492, 0.005883433420443084, 0.005883433420443084
0.085983275670394747, 0.085983275670394747, 0.085346685739338627, 0.085346685739338627, 0.084078218979661934, 0.084078218979661934, 0.082187266704339709, 0.082187266704339709, 0.079687828912071601, 0.079687828912071601, 0.076598410645870674, 0.076598410645870674, 0.072941885005653061, 0.072941885005653061, 0.068745323835736442, 0.068745323835736442, 0.064039797355015489, 0.064039797355015489, 0.058860144245324817, 0.058860144245324817, 0.053244713977759919, 0.053244713977759919, 0.047235083490265978, 0.047235083490265978, 0.040875750923644895, 0.040875750923644895, 0.034213810770307229, 0.034213810770307229, 0.027298621498568779, 0.027298621498568779, 0.020181515297735471, 0.020181515297735471, 0.012915947284065574, 0.012915947284065574, 0.005565719664245045, 0.005565719664245045
0.083768360993138904, 0.083474573625862787, 0.083474573625862787, 0.082595272236437250, 0.082595272236437250, 0.081136624508465030, 0.081136624508465030, 0.079108861837529380, 0.079108861837529380, 0.076526207570529237, 0.076526207570529237, 0.073406777248488172, 0.073406777248488172, 0.069772451555700344, 0.069772451555700344, 0.065648722872751249, 0.065648722872751249, 0.061064516523225986, 0.061064516523225986, 0.056051987998274917, 0.056051987998274917, 0.050646297654824601, 0.050646297654824601, 0.044885364662437166, 0.044885364662437166, 0.038809602501934544, 0.038809602501934544, 0.032461639847521481, 0.032461639847521481, 0.025886036990558933, 0.025886036990558933, 0.019129044489083966, 0.019129044489083966, 0.012238780100307556, 0.012238780100307556, 0.005273057279497939, 0.005273057279497939
0.081525029280385786, 0.081525029280385786, 0.080982493770597100, 0.080982493770597100, 0.079901033243527821, 0.079901033243527821, 0.078287844658210948, 0.078287844658210948, 0.076153663548446396, 0.076153663548446396, 0.073512692584743457, 0.073512692584743457, 0.070382507066898954, 0.070382507066898954, 0.066783937979140411, 0.066783937979140411, 0.062740933392133054, 0.062740933392133054, 0.058280399146997206, 0.058280399146997206, 0.053432019910332319, 0.053432019910332319, 0.048228061860758683, 0.048228061860758683, 0.042703158504674434, 0.042703158504674434, 0.036894081594024738, 0.036894081594024738, 0.030839500545175054, 0.030839500545175054, 0.024579739738232375, 0.024579739738232375, 0.018156577709613236, 0.018156577709613236, 0.011613444716468674, 0.011613444716468674, 0.005002880749639345, 0.005002880749639345
0.079527622139442852, 0.079276222568368471, 0.079276222568368471, 0.078523613287371176, 0.078523613287371176, 0.077274552544682016, 0.077274552544682016, 0.075536937322836057, 0.075536937322836057, 0.073321753414268617, 0.073321753414268617, 0.070643005970608760, 0.070643005970608760, 0.067517630966231265, 0.067517630966231265, 0.063965388138682388, 0.063965388138682388, 0.060008736088596149, 0.060008736088596149, 0.055672690340916299, 0.055672690340916299, 0.050984665292129405, 0.050984665292129405, 0.045974301108916631, 0.045974301108916631, 0.040673276847933843, 0.040673276847933843, 0.035115111498131330, 0.035115111498131330, 0.029334955983903378, 0.029334955983903378, 0.023369384832178164, 0.023369384832178164, 0.017256229093724919, 0.017256229093724919, 0.011034788939164594, 0.011034788939164594, 0.004752944691635101, 0.004752944691635101
0.077505947978424811, 0.077505947978424811, 0.077039818164247965, 0.077039818164247965, 0.076110361900626242, 0.076110361900626242, 0.074723169057968264, 0.074723169057968264, 0.072886582395804059, 0.072886582395804059, 0.070611647391286779, 0.070611647391286779, 0.067912045815233903, 0.067912045815233903, 0.064804013456601038, 0.064804013456601038, 0.061306242492928939, 0.061306242492928939, 0.057439769099391551, 0.057439769099391551, 0.053227846983936824, 0.053227846983936824, 0.048695807635072232, 0.048695807635072232, 0.043870908185673271, 0.043870908185673271, 0.038782167974472017, 0.038782167974472017, 0.033460195282547847, 0.033460195282547847, 0.027937006980023401, 0.027937006980023401, 0.022245849194166957, 0.022245849194166957, 0.016421058381907888, 0.016421058381907888, 0.010498284531152813, 0.010498284531152813, 0.004521277098533191, 0.004521277098533191
0.075695535647298372, 0.075478747092715824, 0.075478747092715824, 0.074829623176221551, 0.074829623176221551, 0.073751882027223469, 0.073751882027223469, 0.072251696861023073, 0.072251696861023073, 0.070337660620817497, 0.070337660620817497, 0.068020736760876766, 0.068020736760876766, 0.065314196453527410, 0.065314196453527410, 0.062233542580966316, 0.062233542580966316, 0.058796420949871944, 0.058796420949871944, 0.055022519242578741, 0.055022519242578741, 0.050933454294617494, 0.050933454294617494, 0.046552648369014342, 0.046552648369014342, 0.041905195195909689, 0.041905195195909689, 0.037017716703507988, 0.037017716703507988, 0.031918211731699281, 0.031918211731699281, 0.026635899207110445, 0.026635899207110445, 0.021201063368779553, 0.021201063368779553, 0.015644938407818588, 0.015644938407818588, 0.009999938773905945, 0.009999938773905945, 0.004306140358164887, 0.004306140358164887
0.073864234232172879, 0.073864234232172879, 0.073460813453467528, 0.073460813453467528, 0.072656175243804104, 0.072656175243804104, 0.071454714265170982, 0.071454714265170982, 0.069862992492594159, 0.069862992492594159, 0.067889703376521944, 0.067889703376521944, 0.065545624364908978, 0.065545624364908978, 0.062843558045002576, 0.062843558045002576, 0.059798262227586654, 0.059798262227586654, 0.056426369358018381, 0.056426369358018381, 0.052746295699174070, 0.052746295699174070, 0.048778140792803245, 0.048778140792803245, 0.044543577771965877, 0.044543577771965877, 0.040065735180692261, 0.040065735180692261, 0.035369071097592110, 0.035369071097592110, 0.030479240699603468, 0.030479240699603468, 0.025422959526113047, 0.025422959526113047, 0.020227869569052644, 0.020227869569052644, 0.014922443697357494, 0.014922443697357494, 0.009536220301748502, 0.009536220301748502, 0.004105998604649084, 0.004105998604649084
0.072215751693798987, 0.072027501971421974, 0.072027501971421974, 0.071463734252514141, 0.071463734252514141, 0.070527387765085028, 0.070527387765085028, 0.069223344193656684, 0.069223344193656684, 0.067558402229365169, 0.067558402229365169, 0.065541242126322797, 0.065541242126322797, 0.063182380449396112, 0.063182380449396112, 0.060494115249991294, 0.060494115249991294, 0.057490461956910519, 0.057490461956910519, 0.054187080318881786, 0.054187080318881786, 0.050601192784390156, 0.050601192784390156, 0.046751494754346580, 0.046751494754346580, 0.042658057197982083, 0.042658057197982083, 0.038342222194132657, 0.038342222194132657, 0.033826492086860292, 0.033826492086860292, 0.029134413261498494, 0.029134413261498494, 0.024290456613838815, 0.024290456613838815, 0.019319901423683900, 0.019319901423683900, 0.014248756431576486, 0.014248756431576486, 0.009103996637401403, 0.009103996637401403, 0.003919490253844127, 0.003919490253844127
0.070549157789354068, 0.070549157789354068, 0.070197685473558212, 0.070197685473558212, 0.069496491861572578, 0.069496491861572578, 0.068449070269366660, 0.068449070269366660, 0.067060638906293652, 0.067060638906293652, 0.065338114879181434, 0.065338114879181434, 0.063290079733203854, 0.063290079733203854, 0.060926736701561968, 0.060926736701561968, 0.058259859877595495, 0.058259859877595495, 0.055302735563728052, 0.055302735563728052, 0.052070096091704461, 0.052070096091704461, 0.048578046448352037, 0.048578046448352037, 0.044843984081970031, 0.044843984081970031, 0.040886512310346218, 0.040886512310346218, 0.036725347813808873, 0.036725347813808873, 0.032381222812069820, 0.032381222812069820, 0.027875782821281010, 0.027875782821281010, 0.023231481902019210, 0.023231481902019210, 0.018471481736814749, 0.018471481736814749, 0.013619586755579985, 0.013619586755579985, 0.008700481367524844, 0.008700481367524844, 0.003745404803112777, 0.003745404803112777
0.069041824829232020, 0.068877316977661322, 0.068877316977661322, 0.068384577378669674, 0.068384577378669674, 0.067565954163607536, 0.067565954163607536, 0.066425348449842528, 0.066425348449842528, 0.064968195750723430, 0.064968195750723430, 0.063201440073819937, 0.063201440073819937, 0.061133500831066522, 0.061133500831066522, 0.058774232718841738, 0.058774232718841738, 0.056134878759786476, 0.056134878759786476, 0.053228016731268951, 0.053228016731268951, 0.050067499237952029, 0.050067499237952029, 0.046668387718373365, 0.046668387718373365, 0.043046880709164971, 0.043046880709164971, 0.039220236729302447, 0.039220236729302447, 0.035206692201609016, 0.035206692201609016, 0.031025374934515467, 0.031025374934515467, 0.026696213967577664, 0.026696213967577664, 0.022239847550578732, 0.022239847550578732, 0.017677535257937590, 0.017677535257937590, 0.013031104991582784, 0.013031104991582784, 0.008323189296218241, 0.008323189296218241, 0.003582663155283558, 0.003582663155283558
0.067518685849036458, 0.067518685849036458, 0.067210613600678175, 0.067210613600678175, 0.066595874768454887, 0.066595874768454887, 0.065677274267781207, 0.065677274267781207, 0.064459003467139069, 0.064459003467139069, 0.062946621064394508, 0.062946621064394508, 0.061147027724650481, 0.061147027724650481, 0.059068434595546314, 0.059068434595546314, 0.056720325843991235, 0.056720325843991235, 0.054113415385856754, 0.054113415385856754, 0.051259598007143021, 0.051259598007143021, 0.048171895101712200, 0.048171895101712200, 0.044864395277318126, 0.044864395277318126, 0.041352190109678729, 0.041352190109678729, 0.037651305357386071, 0.037651305357386071, 0.033778627999106896, 0.033778627999106896, 0.029751829552202755, 0.029751829552202755, 0.025589286397130010, 0.025589286397130010, 0.021309998754136501, 0.021309998754136501, 0.016933514007836238, 0.016933514007836238, 0.012479883770988684, 0.012479883770988684, 0.007969898229724622, 0.007969898229724622, 0.003430300868107048, 0.003430300868107048
0.066135129623655479, 0.065990533588810474, 0.065990533588810474, 0.065557377766549740, 0.065557377766549740, 0.064837556238945726, 0.064837556238945726, 0.063834216605717030, 0.063834216605717030, 0.062551746220921662, 0.062551746220921662, 0.060995753008739645, 0.060995753008739645, 0.059173040942338875, 0.059173040942338875, 0.057091580293231540, 0.057091580293231540, 0.054760472781530225, 0.054760472781530225, 0.052189911780057144, 0.052189911780057144, 0.049391137747361169, 0.049391137747361169, 0.046376389086505911, 0.046376389086505911, 0.043158848648479538, 0.043158848648479538, 0.039752586122531003, 0.039752586122531003, 0.036172496584174951, 0.036172496584174951, 0.032434235515184756, 0.032434235515184756, 0.028554150700643386, 0.028554150700643386, 0.024549211659658818, 0.024549211659658818, 0.020436938147668427, 0.020436938147668427, 0.016235333146433059, 0.016235333146433059, 0.011962848464312320, 0.011962848464312320, 0.007638616295848833, 0.007638616295848833, 0.003287453842528014, 0.003287453842528014
0.064737696812683922, 0.064737696812683922, 0.064466164435950082, 0.064466164435950082, 0.063924238584648186, 0.063924238584648186, 0.063114192286254025, 0.063114192286254025, 0.062039423159892663, 0.062039423159892663, 0.060704439165893880, 0.060704439165893880, 0.059114839698395635, 0.059114839698395635, 0.057277292100403215, 0.057277292100403215, 0.055199503699984162, 0.055199503699984162, 0.052890189485193667, 0.052890189485193667, 0.050359035553854474, 0.050359035553854474, 0.047616658492490474, 0.047616658492490474, 0.044674560856694280, 0.044674560856694280, 0.041545082943464749, 0.041545082943464749, 0.038241351065830706, 0.038241351065830706, 0.034777222564770438, 0.034777222564770438, 0.031167227832798088, 0.031167227832798088, 0.027426509708356948, 0.027426509708356948, 0.023570760839324379, 0.023570760839324379, 0.019616160457355527, 0.019616160457355527, 0.015579315722943848, 0.015579315722943848, 0.011477234579234539, 0.011477234579234539, 0.007327553901276262, 0.007327553901276262, 0.003153346052305838, 0.003153346052305838
0.063463281404790597, 0.063335509296491748, 0.063335509296491748, 0.062952707465195699, 0.062952707465195699, 0.062316417320057267, 0.062316417320057267, 0.061429200979192936, 0.061429200979192936, 0.060294630953152017, 0.060294630953152017, 0.058917275760027266, 0.058917275760027266, 0.057302681530187475, 0.057302681530187475, 0.055457349674803588, 0.055457349674803588, 0.053388710708258968, 0.053388710708258968, 0.051105094330144590, 0.051105094330144590, 0.048615695887828240, 0.048615695887828240, 0.045930539355595853, 0.045930539355595853, 0.043060436981259597, 0.043060436981259597, 0.040016945766373021, 0.040016945766373021, 0.036812320963000689, 0.036812320963000689, 0.033459466791622174, 0.033459466791622174, 0.029971884620583825, 0.029971884620583825, 0.026363618927066016, 0.026363618927066016, 0.022649201587446676, 0.022649201587446676, 0.018843595853089458, 0.018843595853089458, 0.014962144935624651, 0.014962144935624651, 0.011020551031593580, 0.011020551031593580, 0.007035099590086451, 0.007035099590086451, 0.003027278988922905, 0.003027278988922905
0.062176616655347262, 0.062176616655347262, 0.061936067420683243, 0.061936067420683243, 0.061455899590316663, 0.061455899590316663, 0.060737970841770216, 0.060737970841770216, 0.059785058704265457, 0.059785058704265457, 0.058600849813222445, 0.058600849813222445, 0.057189925647728383, 0.057189925647728383, 0.055557744806212517, 0.055557744806212517, 0.053710621888996246, 0.053710621888996246, 0.051655703069581138, 0.051655703069581138, 0.049400938449466314, 0.049400938449466314, 0.046955051303948432, 0.046955051303948432, 0.044327504338803275, 0.044327504338803275, 0.041528463090147697, 0.041528463090147697, 0.038568756612587675, 0.038568756612587675, 0.035459835615146154, 0.035459835615146154, 0.032213728223578016, 0.032213728223578016, 0.028842993580535198, 0.028842993580535198, 0.025360673570012390, 0.025360673570012390, 0.021780243170124792, 0.021780243170124792, 0.018115560713489390, 0.018115560713489390, 0.014380822761485574, 0.014380822761485574, 0.010590548383650969, 0.010590548383650969, 0.006759799195745401, 0.006759799195745401, 0.002908622553155140, 0.002908622553155140
0.060998924841205880, 0.060885464844856343, 0.060885464844856343, 0.060545506934737795, 0.060545506934737795, 0.059980315777503252, 0.059980315777503252, 0.059191993922961543, 0.059191993922961543, 0.058183473982592140, 0.058183473982592140, 0.056958507720258662, 0.056958507720258662, 0.055521652095738693, 0.055521652095738693, 0.053878252313045561, 0.053878252313045561, 0.052034421936697087, 0.052034421936697087, 0.049997020150057409, 0.049997020150057409, 0.047773626240623101, 0.047773626240623101, 0.045372511407650068, 0.045372511407650068, 0.042802607997880086, 0.042802607997880086, 0.040073476285496453, 0.040073476285496453, 0.037195268923260292, 0.037195268923260292, 0.034178693204188336, 0.034178693204188336, 0.031034971290160008, 0.031034971290160008, 0.027775798594162477, 0.027775798594162477, 0.024413300573781434, 0.024413300573781434, 0.020959988401703210, 0.020959988401703210, 0.017428714723401052, 0.017428714723401052, 0.013832634006477822, 0.013832634006477822, 0.010185191297821729, 0.010185191297821729, 0.006500337783252600, 0.006500337783252600, 0.002796807171089895, 0.002796807171089895
0.059810365745291860, 0.059810365745291860, 0.059596260171248158, 0.059596260171248158, 0.059168815466042970, 0.059168815466042970, 0.058529561771813868, 0.058529561771813868, 0.057680787452526827, 0.057680787452526827, 0.056625530902368597, 0.056625530902368597, 0.055367569669302652, 0.055367569669302652, 0.053911406932757264, 0.053911406932757264, 0.052262255383906993, 0.052262255383906993, 0.050426018566342377, 0.050426018566342377, 0.048409269744074896, 0.048409269744074896, 0.046219228372784793, 0.046219228372784793, 0.043863734259000407, 0.043863734259000407, 0.041351219500560271, 0.041351219500560271, 0.038690678310423978, 0.038690678310423978, 0.035891634835097232, 0.035891634835097232, 0.032964109089718797, 0.032964109089718797, 0.029918581147143946, 0.029918581147143946, 0.026765953746504013, 0.026765953746504013, 0.023517513553984461, 0.023517513553984461, 0.020184891507980792, 0.020184891507980792, 0.016780023396300735, 0.016780023396300735, 0.013315114982340960, 0.013315114982340960, 0.009802634579462752, 0.009802634579462752, 0.006255523962973276, 0.006255523962973276, 0.002691316950047111, 0.002691316950047111
0.058718794151164364, 0.058617586232720263, 0.058617586232720263, 0.058314311362256007, 0.058314311362256007, 0.057810014991713196, 0.057810014991713196, 0.057106435536267191, 0.057106435536267191, 0.056205998381739709, 0.056205998381739709, 0.055111807523933599, 0.055111807523933599, 0.053827634868731029, 0.053827634868731029, 0.052357907229872718, 0.052357907229872718, 0.050707691069292715, 0.050707691069292715, 0.048882675032699140, 0.048882675032699140, 0.046889150340750314, 0.046889150340750314, 0.044733989103672810, 0.044733989103672810, 0.042424620634520013, 0.042424620634520013, 0.039969005843540382, 0.039969005843540382, 0.037375609803482915, 0.037375609803482915, 0.034653372583534237, 0.034653372583534237, 0.031811678459019323, 0.031811678459019323, 0.028860323617823736, 0.028860323617823736, 0.025809482510757517, 0.025809482510757517, 0.022669673057070208, 0.022669673057070208, 0.019451721107636895, 0.019451721107636895, 0.016166725256687463, 0.016166725256687463, 0.012826026144240379, 0.012826026144240379, 0.009441202284940344, 0.009441202284940344, 0.006024276226948673, 0.006024276226948673, 0.002591683720567031, 0.002591683720567031
0.057617536707147024, 0.057617536707147024, 0.057426137054112114, 0.057426137054112114, 0.057043973558794598, 0.057043973558794598, 0.056472315730625965, 0.056472315730625965, 0.055713062560589987, 0.055713062560589987, 0.054768736213057986, 0.054768736213057986, 0.053642473647553611, 0.053642473647553611, 0.052338016198298744, 0.052338016198298744, 0.050859697146188144, 0.050859697146188144, 0.049212427324528886, 0.049212427324528886, 0.047401678806444991, 0.047401678806444991, 0.045433466728276713, 0.045433466728276713, 0.043314329309597015, 0.043314329309597015, 0.041051306136644974, 0.041051306136644974, 0.038651914782102516, 0.038651914782102516, 0.036124125840383552, 0.036124125840383552, 0.033476336464372645, 0.033476336464372645, 0.030717342497870676, 0.030717342497870676, 0.027856309310595870, 0.027856309310595870, 0.024902741467208773, 0.024902741467208773, 0.021866451422853085, 0.021866451422853085, 0.018757527621469377, 0.018757527621469377, 0.015586303035924131, 0.015586303035924131, 0.012363328128847644, 0.012363328128847644, 0.009099369455509396, 0.009099369455509396, 0.005805611015239984, 0.005805611015239984, 0.002497481835761585, 0.002497481835761585
0.056602976444560425, 0.056512318249772001, 0.056512318249772001, 0.056240634071084368, 0.056240634071084368, 0.055788794195284087, 0.055788794195284087, 0.055158246002508687, 0.055158246002508687, 0.054351009329911102, 0.054351009329911102, 0.053369670001605472, 0.053369670001605472, 0.052217371545632084, 0.052217371545632084, 0.050897805124493979, 0.050897805124493979, 0.049415197711551739, 0.049415197711551739, 0.047774298551200695, 0.047774298551200695, 0.045980363946283838, 0.045980363946283838, 0.044039140421606589, 0.044039140421606589, 0.041956846317718762, 0.041956846317718762, 0.039740151874337179, 0.039740151874337179, 0.037396157867965545, 0.037396157867965545, 0.034932372873589887, 0.034932372873589887, 0.032356689226185831, 0.032356689226185831, 0.029677357765161041, 0.029677357765161041, 0.026902961456396270, 0.026902961456396270, 0.024042388009725622, 0.024042388009725622, 0.021104801668016454, 0.021104801668016454, 0.018099614520729062, 0.018099614520729062, 0.015036458333511788, 0.015036458333511788, 0.011925160719848612, 0.011925160719848612, 0.008775746107058528, 0.008775746107058528, 0.005598632266560767, 0.005598632266560767, 0.002408323619979788, 0.002408323619979788
0.055579746306514395, 0.055579746306514395, 0.055407952503245123, 0.055407952503245123, 0.055064895901762425, 0.055064895901762425, 0.054551636870889421, 0.054551636870889421, 0.053869761865714485, 0.053869761865714485, 0.053021378524010763, 0.053021378524010763, 0.052009109151741399, 0.052009109151741399, 0.050836082617798480, 0.050836082617798480, 0.049505924683047578, 0.049505924683047578, 0.048022746793600258, 0.048022746793600258, 0.046391133373001896, 0.046391133373001896, 0.044616127652692283, 0.044616127652692283, 0.042703216084667086, 0.042703216084667086, 0.040658311384744517, 0.040658311384744517, 0.038487734259247662, 0.038487734259247662, 0.036198193872315186, 0.036198193872315186, 0.033796767115611761, 0.033796767115611761, 0.031290876747310447, 0.031290876747310447, 0.028688268473822741, 0.028688268473822741, 0.025996987058391952, 0.025996987058391952, 0.023225351562565316, 0.023225351562565316, 0.020381929882402572, 0.020381929882402572, 0.017475512911400946, 0.017475512911400946, 0.014515089278021471, 0.014515089278021471, 0.011509824340383382, 0.011509824340383382, 0.008469063163307887, 0.008469063163307887, 0.005402522246015337, 0.005402522246015337, 0.002323855375773215, 0.002323855375773215
0.054634328756584024, 0.054552803604761886, 0.054552803604761886, 0.054308471452498643, 0.054308471452498643, 0.053902061483298574, 0.053902061483298574, 0.053334786584819158, 0.053334786584819158, 0.052608339729177432, 0.052608339729177432, 0.051724888920517824, 0.051724888920517824, 0.050687070724927408, 0.050687070724927408, 0.049497982402019678, 0.049497982402019678, 0.048161172661687751, 0.048161172661687751, 0.046680631073641503, 0.046680631073641503, 0.045060776161381157, 0.045060776161381157, 0.043306442216215196, 0.043306442216215196, 0.041422864870801110, 0.041422864870801110, 0.039415665475480114, 0.039415665475480114, 0.037290834324417317, 0.037290834324417317, 0.035054712782312617, 0.035054712782312617, 0.032713974366371568, 0.032713974366371568, 0.030275604842693999, 0.030275604842693999, 0.027746881402180192, 0.027746881402180192, 0.025135350990918122, 0.025135350990918122, 0.022448807890776438, 0.022448807890776438, 0.019695270699488520, 0.019695270699488520, 0.016882959023441549, 0.016882959023441549, 0.014020270790753556, 0.014020270790753556, 0.011115763732335990, 0.011115763732335990, 0.008178160067821232, 0.008178160067821232, 0.005216533474718779, 0.005216533474718779, 0.002243753872250662, 0.002243753872250662
0.053681119863334848, 0.053681119863334848, 0.053526343304058252, 0.053526343304058252, 0.053217236446579014, 0.053217236446579014, 0.052754690526370833, 0.052754690526370833, 0.052140039183669818, 0.052140039183669818, 0.051375054618285725, 0.051375054618285725, 0.050461942479953125, 0.050461942479953125, 0.049403335508962392, 0.049403335508962392, 0.048202285945417748, 0.048202285945417748, 0.046862256729026346, 0.046862256729026346, 0.045387111514819802, 0.045387111514819802, 0.043781103533640251, 0.043781103533640251, 0.042048863329582125, 0.042048863329582125, 0.040195385409867796, 0.040195385409867796, 0.038226013845858433, 0.038226013845858433, 0.036146426867087270, 0.036146426867087270, 0.033962620493416010, 0.033962620493416010, 0.031680891253809327, 0.031680891253809327, 0.029307818044160490, 0.029307818044160490, 0.026850243181981868, 0.026850243181981868, 0.024315252724963952, 0.024315252724963952, 0.021710156140146235, 0.021710156140146235, 0.019042465461893408, 0.019042465461893408, 0.016319874234970965, 0.016319874234970965, 0.013550237112988812, 0.013550237112988812, 0.010741553532878774, 0.010741553532878774, 0.007901973849998674, 0.007901973849998674, 0.005039981612650243, 0.005039981612650243, 0.002167723249627449, 0.002167723249627449
0.052798012621990421, 0.052724433859127931, 0.052724433859127931, 0.052503902647828739, 0.052503902647828739, 0.052137033648375391, 0.052137033648375391, 0.051624849390891482, 0.051624849390891482, 0.050968777425393916, 0.050968777425393916, 0.050170646342996902, 0.050170646342996902, 0.049232680679361985, 0.049232680679361985, 0.048157494714606440, 0.048157494714606440, 0.046948085186962019, 0.046948085186962019, 0.045607822940509769, 0.045607822940509769, 0.044140443530297380, 0.044140443530297380, 0.042550036811067638, 0.042550036811067638, 0.040841035538686707, 0.040841035538686707, 0.039018203016160009, 0.039018203016160009, 0.037086619818870922, 0.037086619818870922, 0.035051669636400108, 0.035051669636400108, 0.032919024271045277, 0.032919024271045277, 0.030694627836111683, 0.030694627836111683, 0.028384680200534797, 0.028384680200534797, 0.025995619731298500, 0.025995619731298500, 0.023534105393713363, 0.023534105393713363, 0.021006998288437187, 0.021006998288437187, 0.018421342753610029, 0.018421342753610029, 0.015784347313081466, 0.015784347313081466, 0.013103366306345191, 0.013103366306345191, 0.010385885500995862, 0.010385885500995862, 0.007639529453487575, 0.007639529453487575, 0.004872239168265284, 0.004872239168265284, 0.002095492284541223, 0.002095492284541223
0.051907877631220639, 0.051907877631220639, 0.051767943174910187, 0.051767943174910187, 0.051488451500980933, 0.051488451500980933, 0.051070156069855627, 0.051070156069855627, 0.050514184532509374, 0.050514184532509374, 0.049822035690550181, 0.049822035690550181, 0.048995575455756835, 0.048995575455756835, 0.048037031819971180, 0.048037031819971180, 0.046948988848912204, 0.046948988848912204, 0.045734379716114486, 0.045734379716114486, 0.044396478795787113, 0.044396478795787113, 0.042938892835935641, 0.042938892835935641, 0.041365551235584755, 0.041365551235584755, 0.039680695452380799, 0.039680695452380799, 0.037888867569243444, 0.037888867569243444, 0.035994898051084503, 0.035994898051084503, 0.034003892724946422, 0.034003892724946422, 0.031921219019296328, 0.031921219019296328, 0.029752491500788945, 0.029752491500788945, 0.027503556749924791, 0.027503556749924791, 0.025180477621521248, 0.025180477621521248, 0.022789516943997819, 0.022789516943997819, 0.020337120729457286, 0.020337120729457286, 0.017829901014207720, 0.017829901014207720, 0.015274618596784799, 0.015274618596784799, 0.012678166476815960, 0.012678166476815960, 0.010047557182287984, 0.010047557182287984, 0.007389931163345455, 0.007389931163345455, 0.004712729926953568, 0.004712729926953568, 0.002026811968873758, 0.002026811968873758
0.051081119440786217, 0.051014487038697263, 0.051014487038697263, 0.050814763668818343, 0.050814763668818343, 0.050482470386797404, 0.050482470386797404, 0.050018474108178253, 0.050018474108178253, 0.049423985346735589, 0.049423985346735589, 0.048700555056411526, 0.048700555056411526, 0.047850070585095607, 0.047850070585095607, 0.046874750750809065, 0.046874750750809065, 0.045777140053145959, 0.045777140053145959, 0.044560102035083488, 0.044560102035083488, 0.043226811812496097, 0.043226811812496097, 0.041780747790888492, 0.041780747790888492, 0.040225682590998247, 0.040225682590998247, 0.038565673207008172, 0.038565673207008172, 0.036805050423154817, 0.036805050423154817, 0.034948407516533351, 0.034948407516533351, 0.033000588275907410, 0.033000588275907410, 0.030966674368397394, 0.030966674368397394, 0.028851972088183401, 0.028851972088183401, 0.026661998524150889, 0.026661998524150889, 0.024402467187544202, 0.024402467187544202, 0.022079273148319044, 0.022079273148319044, 0.019698477746101181, 0.019698477746101181, 0.017266292987613743, 0.017266292987613743, 0.014789065884937914, 0.014789065884937914, 0.012273263507812104, 0.012273263507812104, 0.009725461830356133, 0.009725461830356133, 0.007152354991749089, 0.007152354991749089, 0.004560924006012417, 0.004560924006012417, 0.001961453361670282, 0.001961453361670282
0.050248000375256281, 0.050248000375256281, 0.050121069569043288, 0.050121069569043288, 0.049867528594952394, 0.049867528594952394, 0.049488017919699292, 0.049488017919699292, 0.048983496220517837, 0.048983496220517837, 0.048355237963477672, 0.048355237963477672, 0.047604830184101232, 0.047604830184101232, 0.046734168478415524, 0.046734168478415524, 0.045745452214570180, 0.045745452214570180, 0.044641178977124414, 0.044641178977124414, 0.043424138258047419, 0.043424138258047419, 0.042097404410385096, 0.042097404410385096, 0.040664328882417440, 0.040664328882417440, 0.039128531751963084, 0.039128531751963084, 0.037493892582280029, 0.037493892582280029, 0.035764540622768141, 0.035764540622768141, 0.033944844379410545, 0.033944844379410545, 0.032039400581624678, 0.032039400581624678, 0.030053022573989870, 0.030053022573989870, 0.027990728163314637, 0.027990728163314637, 0.025857726954024698, 0.025857726954024698, 0.023659407208682792, 0.023659407208682792, 0.021401322277669968, 0.021401322277669968, 0.019089176658573198, 0.019089176658573198, 0.016728811790177316, 0.016728811790177316, 0.014326191823806517, 0.014326191823806517, 0.011887390117010501, 0.011887390117010501, 0.009418579428420387, 0.009418579428420387, 0.006926041901830960, 0.006926041901830960, 0.004416333456930904, 0.004416333456930904, 0.001899205679513690, 0.001899205679513690
0.049472366623931020, 0.049411833039918178, 0.049411833039918178, 0.049230380423747560, 0.049230380423747560, 0.048928452820511989, 0.048928452820511989, 0.048506789097883847, 0.048506789097883847, 0.047966421137995131, 0.047966421137995131, 0.047308671312268919, 0.047308671312268919, 0.046535149245383696, 0.046535149245383696, 0.045647747876292608, 0.045647747876292608, 0.044648638825941395, 0.044648638825941395, 0.043540267083027590, 0.043540267083027590, 0.042325345020815822, 0.042325345020815822, 0.041006845759666398, 0.041006845759666398, 0.039587995891544093, 0.039587995891544093, 0.038072267584349556, 0.038072267584349556, 0.036463370085457289, 0.036463370085457289, 0.034765240645355877, 0.034765240645355877, 0.032982034883779341, 0.032982034883779341, 0.031118116622219817, 0.031118116622219817, 0.029178047208280526, 0.029178047208280526, 0.027166574359097933, 0.027166574359097933, 0.025088620553344986, 0.025088620553344986, 0.022949271004889933, 0.022949271004889933, 0.020753761258039090, 0.020753761258039090, 0.018507464460161270, 0.018507464460161270, 0.016215878410338338, 0.016215878410338338, 0.013884612616115610, 0.013884612616115610, 0.011519376076880041, 0.011519376076880041, 0.009125968676326656, 0.009125968676326656, 0.006710291765960136, 0.006710291765960136, 0.004278508346863761, 0.004278508346863761, 0.001839874595577084, 0.001839874595577084
0.048690957009139720, 0.048690957009139720, 0.048575467441503426, 0.048575467441503426, 0.048344762234802957, 0.048344762234802957, 0.047999388596458307, 0.047999388596458307, 0.047540165714830308, 0.047540165714830308, 0.046968182816210017, 0.046968182816210017, 0.046284796581314417, 0.046284796581314417, 0.045491627927418144, 0.045491627927418144, 0.044590558163756563, 0.044590558163756563, 0.043583724529323453, 0.043583724529323453, 0.042473515123653589, 0.042473515123653589, 0.041262563242623528, 0.041262563242623528, 0.039953741132720341, 0.039953741132720341, 0.038550153178615629, 0.038550153178615629, 0.037055128540240046, 0.037055128540240046, 0.035472213256882383, 0.035472213256882383, 0.033805161837141609, 0.033805161837141609, 0.032057928354851553, 0.032057928354851553, 0.030234657072402478, 0.030234657072402478, 0.028339672614259483, 0.028339672614259483, 0.026377469715054658, 0.026377469715054658, 0.024352702568710873, 0.024352702568710873, 0.022270173808383254, 0.022270173808383254, 0.020134823153530209, 0.020134823153530209, 0.017951715775697343, 0.017951715775697343, 0.015726030476024719, 0.015726030476024719, 0.013463047896718642, 0.013463047896718642, 0.011168139460131128, 0.011168139460131128, 0.008846759826363947, 0.008846759826363947, 0.006504457968978362, 0.006504457968978362, 0.004147033260562467, 0.004147033260562467, 0.001783280721696432, 0.001783280721696432
