-0.577350269189625764, 0.577350269189625764
0, -0.774596669241483377, 0.774596669241483377
-0.339981043584856264, 0.339981043584856264, -0.861136311594052575, 0.861136311594052575
0, -0.538469310105683091, 0.538469310105683091, -0.906179845938663992, 0.906179845938663992
0.661209386466264513, -0.661209386466264513, -0.238619186083196908, 0.238619186083196908, -0.932469514203152027, 0.932469514203152027
0, 0.405845151377397166, -0.405845151377397166, -0.741531185599394439, 0.741531185599394439, -0.949107912342758524, 0.949107912342758524
-0.183434642495649804, 0.183434642495649804, -0.525532409916328985, 0.525532409916328985, -0.796666477413626739, 0.796666477413626739, -0.960289856497536231, 0.960289856497536231
0, -0.836031107326635794, 0.836031107326635794, -0.968160239507626089, 0.968160239507626089, -0.324253423403808929, 0.324253423403808929, -0.613371432700590397, 0.613371432700590397
-0.148874338981631210, 0.148874338981631210, -0.433395394129247190, 0.433395394129247190, -0.679409568299024406, 0.679409568299024406, -0.865063366688984510, 0.865063366688984510, -0.973906528517171720, 0.973906528517171720
0, -0.269543155952344972, 0.269543155952344972, -0.519096129206811815, 0.519096129206811815, -0.730152005574049324, 0.730152005574049324, -0.887062599768095299, 0.887062599768095299, -0.978228658146056992, 0.978228658146056992
-0.125233408511468915, 0.125233408511468915, -0.367831498998180193, 0.367831498998180193, -0.587317954286617447, 0.587317954286617447, -0.769902674194304687, 0.769902674194304687, -0.904117256370474856, 0.904117256370474856, -0.981560634246719250, 0.981560634246719250
0, -0.230458315955134794, 0.230458315955134794, -0.448492751036446852, 0.448492751036446852, -0.642349339440340220, 0.642349339440340220, -0.801578090733309912, 0.801578090733309912, -0.917598399222977965, 0.917598399222977965, -0.984183054718588149, 0.984183054718588149
-0.108054948707343662, 0.108054948707343662, -0.319112368927889760, 0.319112368927889760, -0.515248636358154091, 0.515248636358154091, -0.687292904811685470, 0.687292904811685470, -0.827201315069764993, 0.827201315069764993, -0.928434883663573517, 0.928434883663573517, -0.986283808696812338, 0.986283808696812338
0, -0.201194093997434522, 0.201194093997434522, -0.394151347077563369, 0.394151347077563369, -0.570972172608538847, 0.570972172608538847, -0.724417731360170047, 0.724417731360170047, -0.848206583410427216, 0.848206583410427216, -0.937273392400705904, 0.937273392400705904, -0.987992518020485428, 0.987992518020485428
-0.095012509837637440, 0.095012509837637440, -0.281603550779258913, 0.281603550779258913, -0.458016777657227386, 0.458016777657227386, -0.617876244402643748, 0.617876244402643748, -0.755404408355003033, 0.755404408355003033, -0.865631202387831743, 0.865631202387831743, -0.944575023073232576, 0.944575023073232576, -0.989400934991649932, 0.989400934991649932
0, -0.178484181495847855, 0.178484181495847855, -0.351231763453876315, 0.351231763453876315, -0.512690537086476967, 0.512690537086476967, -0.657671159216690765, 0.657671159216690765, -0.781514003896801406, 0.781514003896801406, -0.880239153726985902, 0.880239153726985902, -0.950675521768767761, 0.950675521768767761, -0.990575475314417335, 0.990575475314417335
-0.084775013041735301, 0.084775013041735301, -0.251886225691505509, 0.251886225691505509, -0.411751161462842646, 0.411751161462842646, -0.559770831073947534, 0.559770831073947534, -0.691687043060353207, 0.691687043060353207, -0.803704958972523115, 0.803704958972523115, -0.892602466497555739, 0.892602466497555739, -0.955823949571397755, 0.955823949571397755, -0.991565168420930946, 0.991565168420930946
0, -0.160358645640225375, 0.160358645640225375, -0.316564099963629831, 0.316564099963629831, -0.464570741375960945, 0.464570741375960945, -0.600545304661681023, 0.600545304661681023, -0.720966177335229378, 0.720966177335229378, -0.822714656537142824, 0.822714656537142824, -0.903155903614817901, 0.903155903614817901, -0.960208152134830030, 0.960208152134830030, -0.992406843843584403, 0.992406843843584403
-0.076526521133497333, 0.076526521133497333, -0.227785851141645078, 0.227785851141645078, -0.373706088715419560, 0.373706088715419560, -0.510867001950827098, 0.510867001950827098, -0.636053680726515025, 0.636053680726515025, -0.746331906460150792, 0.746331906460150792, -0.839116971822218823, 0.839116971822218823, -0.912234428251325905, 0.912234428251325905, -0.963971927277913791, 0.963971927277913791, -0.993128599185094924, 0.993128599185094924
0, -0.145561854160895090, 0.145561854160895090, -0.288021316802401096, 0.288021316802401096, -0.424342120207438783, 0.424342120207438783, -0.551618835887219807, 0.551618835887219807, -0.667138804197412319, 0.667138804197412319, -0.768439963475677908, 0.768439963475677908, -0.853363364583317283, 0.853363364583317283, -0.920099334150400828, 0.920099334150400828, -0.967226838566306294, 0.967226838566306294, -0.993752170620389500, 0.993752170620389500
-0.069739273319722221, 0.069739273319722221, -0.207860426688221285, 0.207860426688221285, -0.341935820892084225, 0.341935820892084225, -0.469355837986757026, 0.469355837986757026, -0.587640403506911592, 0.587640403506911592, -0.694487263186682780, 0.694487263186682780, -0.787816805979208162, 0.787816805979208162, -0.865812577720300136, 0.865812577720300136, -0.926956772187174000, 0.926956772187174000, -0.970060497835428727, 0.970060497835428727, -0.994294585482399292, 0.994294585482399292
0, -0.133256824298466110, 0.133256824298466110, -0.264135680970344930, 0.264135680970344930, -0.390301038030290831, 0.390301038030290831, -0.509501477846007549, 0.509501477846007549, -0.619609875763646156, 0.619609875763646156, -0.718661363131950194, 0.718661363131950194, -0.804888401618839892, 0.804888401618839892, -0.876752358270441667, 0.876752358270441667, -0.932971086826016102, 0.932971086826016102, -0.972542471218115231, 0.972542471218115231, -0.994769334997552123, 0.994769334997552123
-0.064056892862605626, 0.064056892862605626, -0.191118867473616309, 0.191118867473616309, -0.315042679696163374, 0.315042679696163374, -0.433793507626045138, 0.433793507626045138, -0.545421471388839535, 0.545421471388839535, -0.648093651936975569, 0.648093651936975569, -0.740124191578554364, 0.740124191578554364, -0.820001985973902921, 0.820001985973902921, -0.886415527004401034, 0.886415527004401034, -0.938274552002732758, 0.938274552002732758, -0.974728555971309498, 0.974728555971309498, -0.995187219997021360, 0.995187219997021360
0, -0.122864692610710396, 0.122864692610710396, -0.243866883720988432, 0.243866883720988432, -0.361172305809387837, 0.361172305809387837, -0.473002731445714960, 0.473002731445714960, -0.577662930241222967, 0.577662930241222967, -0.673566368473468364, 0.673566368473468364, -0.759259263037357630, 0.759259263037357630, -0.833442628760834001, 0.833442628760834001, -0.894991997878275368, 0.894991997878275368, -0.942974571228974339, 0.942974571228974339, -0.976663921459517511, 0.976663921459517511, -0.995556969790498097, 0.995556969790498097
-0.059230093429313207, 0.059230093429313207, -0.176858820356890183, 0.176858820356890183, -0.292004839485956895, 0.292004839485956895, -0.403051755123486306, 0.403051755123486306, -0.508440714824505717, 0.508440714824505717, -0.606692293017618063, 0.606692293017618063, -0.696427260419957264, 0.696427260419957264, -0.776385948820678856, 0.776385948820678856, -0.845445942788498018, 0.845445942788498018, -0.902637861984307074, 0.902637861984307074, -0.947159066661714250, 0.947159066661714250, -0.978385445956470991, 0.978385445956470991, -0.995885701145616929, 0.995885701145616929
0, -0.113972585609529966, 0.113972585609529966, -0.226459365439536858, 0.226459365439536858, -0.335993903638508899, 0.335993903638508899, -0.441148251750026880, 0.441148251750026880, -0.540551564579456894, 0.540551564579456894, -0.632907971946495140, 0.632907971946495140, -0.717013473739423699, 0.717013473739423699, -0.791771639070508227, 0.791771639070508227, -0.856207908018294490, 0.856207908018294490, -0.909482320677491104, 0.909482320677491104, -0.950900557814705006, 0.950900557814705006, -0.979923475961501222, 0.979923475961501222, -0.996179262888988566, 0.996179262888988566
-0.055079289884034270, 0.055079289884034270, -0.164569282133380771, 0.164569282133380771, -0.272061627635178077, 0.272061627635178077, -0.376251516089078710, 0.376251516089078710, -0.475874224955118261, 0.475874224955118261, -0.569720471811401719, 0.569720471811401719, -0.656651094038864961, 0.656651094038864961, -0.735610878013631772, 0.735610878013631772, -0.805641370917179171, 0.805641370917179171, -0.865892522574395048, 0.865892522574395048, -0.915633026392132073, 0.915633026392132073, -0.954259280628938197, 0.954259280628938197, -0.981303165370872753, 0.981303165370872753, -0.996442497573954449, 0.996442497573954449
0, -0.106278230132679230, 0.106278230132679230, -0.211352286166001074, 0.211352286166001074, -0.314031637867639934, 0.314031637867639934, -0.413152888174008663, 0.413152888174008663, -0.507592955124227642, 0.507592955124227642, -0.596281797138227820, 0.596281797138227820, -0.678214537602686515, 0.678214537602686515, -0.752462851734477133, 0.752462851734477133, -0.818185487615252444, 0.818185487615252444, -0.874637804920102790, 0.874637804920102790, -0.921180232953058785, 0.921180232953058785, -0.957285595778087725, 0.957285595778087725, -0.982545505261413174, 0.982545505261413174, -0.996679442260596586, 0.996679442260596586
-0.051471842555317695, 0.051471842555317695, -0.153869913608583546, 0.153869913608583546, -0.254636926167889846, 0.254636926167889846, -0.352704725530878113, 0.352704725530878113, -0.447033769538089176, 0.447033769538089176, -0.536624148142019899, 0.536624148142019899, -0.620526182989242861, 0.620526182989242861, -0.697850494793315796, 0.697850494793315796, -0.767777432104826194, 0.767777432104826194, -0.829565762382768397, 0.829565762382768397, -0.882560535792052681, 0.882560535792052681, -0.926200047429274325, 0.926200047429274325, -0.960021864968307512, 0.960021864968307512, -0.983668123279747209, 0.983668123279747209, -0.996893484074649540, 0.996893484074649540
0, -0.099555312152341520, 0.099555312152341520, -0.198121199335570628, 0.198121199335570628, -0.294718069981701616, 0.294718069981701616, -0.388385901608232943, 0.388385901608232943, -0.478193782044902480, 0.478193782044902480, -0.563249161407149262, 0.563249161407149262, -0.642706722924260346, 0.642706722924260346, -0.715776784586853283, 0.715776784586853283, -0.781733148416624940, 0.781733148416624940, -0.839920320146267340, 0.839920320146267340, -0.889760029948271043, 0.889760029948271043, -0.930756997896648164, 0.930756997896648164, -0.962503925092949661, 0.962503925092949661, -0.984685909665152484, 0.984685909665152484, -0.997087481819477074, 0.997087481819477074
-0.048307665687738316, 0.048307665687738316, -0.144471961582796493, 0.144471961582796493, -0.239287362252137074, 0.239287362252137074, -0.331868602282127649, 0.331868602282127649, -0.421351276130635345, 0.421351276130635345, -0.506899908932229390, 0.506899908932229390, -0.587715757240762329, 0.587715757240762329, -0.663044266930215200, 0.663044266930215200, -0.732182118740289680, 0.732182118740289680, -0.794483795967942406, 0.794483795967942406, -0.849367613732569970, 0.849367613732569970, -0.896321155766052123, 0.896321155766052123, -0.934906075937739689, 0.934906075937739689, -0.964762255587506430, 0.964762255587506430, -0.985611511545268335, 0.985611511545268335, -0.997263861849481563, 0.997263861849481563
0, -0.093631065854733385, 0.093631065854733385, -0.186439298827991572, 0.186439298827991572, -0.277609097152497029, 0.277609097152497029, -0.366339257748073341, 0.366339257748073341, -0.451850017272450695, 0.451850017272450695, -0.533389904786347643, 0.533389904786347643, -0.610242345836379027, 0.610242345836379027, -0.681731959969742786, 0.681731959969742786, -0.747230496449562157, 0.747230496449562157, -0.806162356274166589, 0.806162356274166589, -0.858009652676504064, 0.858009652676504064, -0.902316767743433583, 0.902316767743433583, -0.938694372611168350, 0.938694372611168350, -0.966822909689992768, 0.966822909689992768, -0.986455726230642488, 0.986455726230642488, -0.997424694246455217, 0.997424694246455217
-0.045509821953102542, 0.045509821953102542, -0.136152357259182975, 0.136152357259182975, -0.225666691616449483, 0.225666691616449483, -0.313311081339463247, 0.313311081339463247, -0.398359277758645940, 0.398359277758645940, -0.480106545190327034, 0.480106545190327034, -0.557875500669746642, 0.557875500669746642, -0.631021727080528545, 0.631021727080528545, -0.698939113216262907, 0.698939113216262907, -0.761064876629873014, 0.761064876629873014, -0.816884227900933664, 0.816884227900933664, -0.865934638334564469, 0.865934638334564469, -0.907809677718324468, 0.907809677718324468, -0.942162397405107091, 0.942162397405107091, -0.968708262533344281, 0.968708262533344281, -0.987227816406309485, 0.987227816406309485, -0.997571753790841919, 0.997571753790841919
0, -0.088371343275659263, 0.088371343275659263, -0.176051061165989569, 0.176051061165989569, -0.262352941209296057, 0.262352941209296057, -0.346601554430813945, 0.346601554430813945, -0.428137541517814254, 0.428137541517814254, -0.506322773241488615, 0.506322773241488615, -0.580545344749764509, 0.580545344749764509, -0.650224364665890388, 0.650224364665890388, -0.714814501556628783, 0.714814501556628783, -0.773810252286912555, 0.773810252286912555, -0.826749899092225406, 0.826749899092225406, -0.873219125025222331, 0.873219125025222331, -0.912854261359317614, 0.912854261359317614, -0.945345148207827329, 0.945345148207827329, -0.970437616039229833, 0.970437616039229833, -0.987935764443851498, 0.987935764443851498, -0.997706569099600297, 0.997706569099600297
-0.043018198473708607, 0.043018198473708607, -0.128736103809384788, 0.128736103809384788, -0.213500892316865578, 0.213500892316865578, -0.296684995344028270, 0.296684995344028270, -0.377672547119689216, 0.377672547119689216, -0.455863944433420267, 0.455863944433420267, -0.530680285926245161, 0.530680285926245161, -0.601567658135980535, 0.601567658135980535, -0.668001236585521062, 0.668001236585521062, -0.729489171593556582, 0.729489171593556582, -0.785576230132206512, 0.785576230132206512, -0.835847166992475306, 0.835847166992475306, -0.879929800890397131, 0.879929800890397131, -0.917497774515659066, 0.917497774515659066, -0.948272984399507545, 0.948272984399507545, -0.972027691049697949, 0.972027691049697949, -0.988586478902212238, 0.988586478902212238, -0.997830462484085836, 0.997830462484085836
0, -0.083670408954769901, 0.083670408954769901, -0.166753930239851976, 0.166753930239851976, -0.248667792791365758, 0.248667792791365758, -0.328837429883706999, 0.328837429883706999, -0.406700509318326110, 0.406700509318326110, -0.481710877803205554, 0.481710877803205554, -0.553342391861581781, 0.553342391861581781, -0.621092608408924483, 0.621092608408924483, -0.684486309130959357, 0.684486309130959357, -0.743078833981965262, 0.743078833981965262, -0.796459200509902293, 0.796459200509902293, -0.844252987340555967, 0.844252987340555967, -0.886124962155486078, 0.886124962155486078, -0.921781437412463742, 0.921781437412463742, -0.950972343262094821, 0.950972343262094821, -0.973493030056485744, 0.973493030056485744, -0.989185963214319186, 0.989185963214319186, -0.997944582477913648, 0.997944582477913648
-0.040785147904578239, 0.040785147904578239, -0.122084025337867419, 0.122084025337867419, -0.202570453892116703, 0.202570453892116703, -0.281708809790165261, 0.281708809790165261, -0.358972440479435013, 0.358972440479435013, -0.433847169432376484, 0.433847169432376484, -0.505834717927931103, 0.505834717927931103, -0.574456021047807081, 0.574456021047807081, -0.639254415829681707, 0.639254415829681707, -0.699798680379184355, 0.699798680379184355, -0.755685903753970680, 0.755685903753970680, -0.806544167605316815, 0.806544167605316815, -0.852035021932362188, 0.852035021932362188, -0.891855739004632216, 0.891855739004632216, -0.925741332048584396, 0.925741332048584396, -0.953466330933529595, 0.953466330933529595, -0.974846328590153507, 0.974846328590153507, -0.989739454266385571, 0.989739454266385571, -0.998049930535687619, 0.998049930535687619
0, -0.079443804608755477, 0.079443804608755477, -0.158385339997837799, 0.158385339997837799, -0.236325512461835767, 0.236325512461835767, -0.312771559248185922, 0.312771559248185922, -0.387240163971561455, 0.387240163971561455, -0.459260512309136048, 0.459260512309136048, -0.528377268660437473, 0.528377268660437473, -0.594153454957277988, 0.594153454957277988, -0.656173213432010910, 0.656173213432010910, -0.714044435894534679, 0.714044435894534679, -0.767401242931063499, 0.767401242931063499, -0.815906297430143104, 0.815906297430143104, -0.859252937999906153, 0.859252937999906153, -0.897167119292992887, 0.897167119292992887, -0.929409148486738229, 0.929409148486738229, -0.955775212324652277, 0.955775212324652277, -0.976098709333471053, 0.976098709333471053, -0.990251536854685983, 0.990251536854685983, -0.998147383066432906, 0.998147383066432906
-0.038772417506050821, 0.038772417506050821, -0.116084070675255208, 0.116084070675255208, -0.192697580701371099, 0.192697580701371099, -0.268152185007253681, 0.268152185007253681, -0.341994090825758473, 0.341994090825758473, -0.413779204371605001, 0.413779204371605001, -0.483075801686178712, 0.483075801686178712, -0.549467125095128202, 0.549467125095128202, -0.612553889667980237, 0.612553889667980237, -0.671956684614179548, 0.671956684614179548, -0.727318255189927103, 0.727318255189927103, -0.778305651426519387, 0.778305651426519387, -0.824612230833311663, 0.824612230833311663, -0.865959503212259503, 0.865959503212259503, -0.902098806968874296, 0.902098806968874296, -0.932812808278676533, 0.932812808278676533, -0.957916819213791655, 0.957916819213791655, -0.977259949983774262, 0.977259949983774262, -0.990726238699457006, 0.990726238699457006, -0.998237709710559200, 0.998237709710559200
0, -0.075623258989162996, 0.075623258989162996, -0.150813354863992163, 0.150813354863992163, -0.225139605633422775, 0.225139605633422775, -0.298176277341824865, 0.298176277341824865, -0.369505022640481441, 0.369505022640481441, -0.438717277051407088, 0.438717277051407088, -0.505416599199406032, 0.505416599199406032, -0.569220941610215869, 0.569220941610215869, -0.629764839072196320, 0.629764839072196320, -0.686701502034951289, 0.686701502034951289, -0.739704803069926181, 0.739704803069926181, -0.788471145047409372, 0.788471145047409372, -0.832721200401361331, 0.832721200401361331, -0.872201511692441408, 0.872201511692441408, -0.906685944758101172, 0.906685944758101172, -0.935976987497853825, 0.935976987497853825, -0.959906891730346226, 0.959906891730346226, -0.978338673561083384, 0.978338673561083384, -0.991167109699016308, 0.991167109699016308, -0.998321588574771441, 0.998321588574771441
-0.036948943165351775, 0.036948943165351775, -0.110645027208519868, 0.110645027208519868, -0.183736806564854550, 0.183736806564854550, -0.255825079342879083, 0.255825079342879083, -0.326516124465411512, 0.326516124465411512, -0.395423852042975057, 0.395423852042975057, -0.462171912070421929, 0.462171912070421929, -0.526395749931192287, 0.526395749931192287, -0.587744597485109322, 0.587744597485109322, -0.645883388869247833, 0.645883388869247833, -0.700494590556171213, 0.700494590556171213, -0.751279935689480489, 0.751279935689480489, -0.797962053255487413, 0.797962053255487413, -0.840285983261816900, 0.840285983261816900, -0.878020569812172742, 0.878020569812172742, -0.910959724904127452, 0.910959724904127452, -0.938923557354988178, 0.938923557354988178, -0.961759365338204488, 0.961759365338204488, -0.979342508063748193, 0.979342508063748193, -0.991577288340860919, 0.991577288340860919, -0.998399618990062415, 0.998399618990062415
0, -0.072152990874586235, 0.072152990874586235, -0.143929809510713310, 0.143929809510713310, -0.214956244860518209, 0.214956244860518209, -0.284861998032913627, 0.284861998032913627, -0.353282612864303806, 0.353282612864303806, -0.419861376029269252, 0.419861376029269252, -0.484251176785734724, 0.484251176785734724, -0.546116316660084719, 0.546116316660084719, -0.605134259639600935, 0.605134259639600935, -0.660997313751498133, 0.660997313751498133, -0.713414235268957054, 0.713414235268957054, -0.762111747194955121, 0.762111747194955121, -0.806835964136938635, 0.806835964136938635, -0.847353716209315048, 0.847353716209315048, -0.883453765218616863, 0.883453765218616863, -0.914947907206138729, 0.914947907206138729, -0.941671956847637861, 0.941671956847637861, -0.963486613014079993, 0.963486613014079993, -0.980278220980255331, 0.980278220980255331, -0.991959557593244146, 0.991959557593244146, -0.998472332242507713, 0.998472332242507713
-0.035289236964135359, 0.035289236964135359, -0.105691901708653247, 0.105691901708653247, -0.175568014775516785, 0.175568014775516785, -0.244569456928201251, 0.244569456928201251, -0.312352466502785812, 0.312352466502785812, -0.378579352014707132, 0.378579352014707132, -0.442920174525411483, 0.442920174525411483, -0.505054391388202317, 0.505054391388202317, -0.564672453185470768, 0.564672453185470768, -0.621477345903575847, 0.621477345903575847, -0.675186070666122365, 0.675186070666122365, -0.725531053660717002, 0.725531053660717002, -0.772261479248755899, 0.772261479248755899, -0.815144539645135010, 0.815144539645135010, -0.853966595004710378, 0.853966595004710378, -0.888534238286043202, 0.888534238286043202, -0.918675259984175774, 0.918675259984175774, -0.944239509118194099, 0.944239509118194099, -0.965099650422493139, 0.965099650422493139, -0.981151833077913966, 0.981151833077913966, -0.992316392138515808, 0.992316392138515808, -0.998540200636774224, 0.998540200636774224
0, -0.068986980163144172, 0.068986980163144172, -0.137645205983253028, 0.137645205983253028, -0.205647489783263745, 0.205647489783263745, -0.272669769752377560, 0.272669769752377560, -0.338392654250602161, 0.338392654250602161, -0.402502943858541914, 0.402502943858541914, -0.464695123919635098, 0.464695123919635098, -0.524672820462916067, 0.524672820462916067, -0.582150212569353186, 0.582150212569353186, -0.636853394453223359, 0.636853394453223359, -0.688521680771200525, 0.688521680771200525, -0.736908848945490352, 0.736908848945490352, -0.781784312593906291, 0.781784312593906291, -0.822934220502086337, 0.822934220502086337, -0.860162475960664225, 0.860162475960664225, -0.893291671753241738, 0.893291671753241738, -0.922163936719000388, 0.922163936719000388, -0.946641690995629061, 0.946641690995629061, -0.966608310396894604, 0.966608310396894604, -0.981968715034540568, 0.981968715034540568, -0.992649998447203741, 0.992649998447203741, -0.998603645181936638, 0.998603645181936638
-0.033772190016052041, 0.033772190016052041, -0.101162475305584239, 0.101162475305584239, -0.168091179467103528, 0.168091179467103528, -0.234252922206269768, 0.234252922206269768, -0.299345822701870015, 0.299345822701870015, -0.363072877020995710, 0.363072877020995710, -0.425143313282828397, 0.425143313282828397, -0.485273918388164662, 0.485273918388164662, -0.543190330261802635, 0.543190330261802635, -0.598628289712715153, 0.598628289712715153, -0.651334846201997715, 0.651334846201997715, -0.701069512020405697, 0.701069512020405697, -0.747605359615666054, 0.747605359615666054, -0.790730057075274255, 0.790730057075274255, -0.830246837066066053, 0.830246837066066053, -0.865975394866858062, 0.865975394866858062, -0.897752711533941965, 0.897752711533941965, -0.925433798806753950, 0.925433798806753950, -0.948892363446089795, 0.948892363446089795, -0.968021391853991942, 0.968021391853991942, -0.982733669804166863, 0.982733669804166863, -0.992962348906174364, 0.992962348906174364, -0.998663042133817981, 0.998663042133817981
0, -0.066086923916355675, 0.066086923916355675, -0.131884866554514897, 0.131884866554514897, -0.197106110279111807, 0.197106110279111807, -0.261465459214974570, 0.261465459214974570, -0.324681486337735902, 0.324681486337735902, -0.386477764084667139, 0.386477764084667139, -0.446584073104855702, 0.446584073104855702, -0.504737583863577919, 0.504737583863577919, -0.560684005934664194, 0.560684005934664194, -0.614178699956373608, 0.614178699956373608, -0.664987747390332729, 0.664987747390332729, -0.712888973409064301, 0.712888973409064301, -0.757672918445438633, 0.757672918445438633, -0.799143754167741942, 0.799143754167741942, -0.837120139899902121, 0.837120139899902121, -0.871436015796896316, 0.871436015796896316, -0.901941329438525356, 0.901941329438525356, -0.928502693012360648, 0.928502693012360648, -0.951003969257708442, 0.951003969257708442, -0.969346787326564497, 0.969346787326564497, -0.983451003071623708, 0.983451003071623708, -0.993255210987768634, 0.993255210987768634, -0.998718728584212109, 0.998718728584212109
-0.032380170962869362, 0.032380170962869362, -0.097004699209462698, 0.097004699209462698, -0.161222356068891718, 0.161222356068891718, -0.224763790394689061, 0.224763790394689061, -0.287362487355455576, 0.287362487355455576, -0.348755886292160738, 0.348755886292160738, -0.408686481990716729, 0.408686481990716729, -0.466902904750958404, 0.466902904750958404, -0.523160974722233033, 0.523160974722233033, -0.577224726083972703, 0.577224726083972703, -0.628867396776513623, 0.628867396776513623, -0.677872379632663905, 0.677872379632663905, -0.724034130923814654, 0.724034130923814654, -0.767159032515740339, 0.767159032515740339, -0.807066204029442627, 0.807066204029442627, -0.843588261624393530, 0.843588261624393530, -0.876572020274247885, 0.876572020274247885, -0.905879136715569672, 0.905879136715569672, -0.931386690706554333, 0.931386690706554333, -0.952987703160430860, 0.952987703160430860, -0.970591592546247250, 0.970591592546247250, -0.984124583722826857, 0.984124583722826857, -0.993530172266350757, 0.993530172266350757, -0.998771007252426118, 0.998771007252426118
0, -0.063420684982686786, 0.063420684982686786, -0.126585997269672051, 0.126585997269672051, -0.189241592461813586, 0.189241592461813586, -0.251135178612577273, 0.251135178612577273, -0.312017532119748762, 0.312017532119748762, -0.371643501262284888, 0.371643501262284888, -0.429772993341576524, 0.429772993341576524, -0.486171941452492042, 0.486171941452492042, -0.540613246991726066, 0.540613246991726066, -0.592877694108900712, 0.592877694108900712, -0.642754832419237664, 0.642754832419237664, -0.690043824425132113, 0.690043824425132113, -0.734554254237402696, 0.734554254237402696, -0.776106894345446635, 0.776106894345446635, -0.814534427359855431, 0.814534427359855431, -0.849682119844165701, 0.849682119844165701, -0.881408445573008910, 0.881408445573008910, -0.909585655828073285, 0.909585655828073285, -0.934100294755810149, 0.934100294755810149, -0.954853658674137233, 0.954853658674137233, -0.971762200901555380, 0.971762200901555380, -0.984757895914213004, 0.984757895914213004, -0.993788661944167790, 0.993788661944167790, -0.998820150606635379, 0.998820150606635379
-0.031098338327188876, 0.031098338327188876, -0.093174701560086140, 0.093174701560086140, -0.154890589998145902, 0.154890589998145902, -0.216007236876041756, 0.216007236876041756, -0.276288193779531990, 0.276288193779531990, -0.335500245419437356, 0.335500245419437356, -0.393414311897565127, 0.393414311897565127, -0.449806334974038789, 0.449806334974038789, -0.504458144907464201, 0.504458144907464201, -0.557158304514650054, 0.557158304514650054, -0.607702927184950239, 0.607702927184950239, -0.655896465685439360, 0.655896465685439360, -0.701552468706822251, 0.701552468706822251, -0.744494302226068538, 0.744494302226068538, -0.784555832900399263, 0.784555832900399263, -0.821582070859335948, 0.821582070859335948, -0.855429769429946084, 0.855429769429946084, -0.885967979523613048, 0.885967979523613048, -0.913078556655791893, 0.913078556655791893, -0.936656618944877933, 0.936656618944877933, -0.956610955242807942, 0.956610955242807942, -0.972864385106692073, 0.972864385106692073, -0.985354084048005882, 0.985354084048005882, -0.994031969432090712, 0.994031969432090712, -0.998866404420071050, 0.998866404420071050
0, -0.060961100150578724, 0.060961100150578724, -0.121695421018888766, 0.121695421018888766, -0.181977026957077545, 0.181977026957077545, -0.241581666447798703, 0.241581666447798703, -0.300287606335331939, 0.300287606335331939, -0.357876456688409509, 0.357876456688409509, -0.414133983226303877, 0.414133983226303877, -0.468850904286041063, 0.468850904286041063, -0.521823669366185842, 0.521823669366185842, -0.572855216351303836, 0.572855216351303836, -0.621755704600723273, 0.621755704600723273, -0.668343221175370086, 0.668343221175370086, -0.712444457577036644, 0.712444457577036644, -0.753895354485375525, 0.753895354485375525, -0.792541712099381205, 0.792541712099381205, -0.828239763823064832, 0.828239763823064832, -0.860856711182292371, 0.860856711182292371, -0.890271218029527303, 0.890271218029527303, -0.916373862309780230, 0.916373862309780230, -0.939067544002962383, 0.939067544002962383, -0.958267848613908194, 0.958267848613908194, -0.973903368019323867, 0.973903368019323867, -0.985915991735902996, 0.985915991735902996, -0.994261260436752574, 0.994261260436752574, -0.998909990848903495, 0.998909990848903495
-0.029914109797338766, 0.029914109797338766, -0.089635244648900565, 0.089635244648900565, -0.149035508606949180, 0.149035508606949180, -0.207902264156366059, 0.207902264156366059, -0.266024783605001827, 0.266024783605001827, -0.323195003434807825, 0.323195003434807825, -0.379208269116093669, 0.379208269116093669, -0.433864067718761670, 0.433864067718761670, -0.486966745698096077, 0.486966745698096077, -0.538326209285827438, 0.538326209285827438, -0.587758604979579069, 0.587758604979579069, -0.635086977695245924, 0.635086977695245924, -0.680141904227167702, 0.680141904227167702, -0.722762099749983193, 0.722762099749983193, -0.762794995193744960, 0.762794995193744960, -0.800097283430468324, 0.800097283430468324, -0.834535432326734534, 0.834535432326734534, -0.865986162846067585, 0.865986162846067585, -0.894336890534495322, 0.894336890534495322, -0.919486128916424539, 0.919486128916424539, -0.941343853641359056, 0.941343853641359056, -0.959831826933086552, 0.959831826933086552, -0.974883884221744503, 0.974883884221744503, -0.986446195651549840, 0.986446195651549840, -0.994477590929216029, 0.994477590929216029, -0.998951111103950278, 0.998951111103950278
0, -0.058685054300259465, 0.058685054300259465, -0.117167809071955150, 0.117167809071955150, -0.175246662155325750, 0.175246662155325750, -0.232721403724272593, 0.232721403724272593, -0.289393906451626206, 0.289393906451626206, -0.345068808495722356, 0.345068808495722356, -0.399554186953952977, 0.399554186953952977, -0.452662219461845791, 0.452662219461845791, -0.504209831657133437, 0.504209831657133437, -0.554019328277067881, 0.554019328277067881, -0.601919005713769327, 0.601919005713769327, -0.647743743916510068, 0.647743743916510068, -0.691335575601366723, 0.691335575601366723, -0.732544230807510253, 0.732544230807510253, -0.771227654925532307, 0.771227654925532307, -0.807252498416895478, 0.807252498416895478, -0.840494576545801375, 0.840494576545801375, -0.870839297558241351, 0.870839297558241351, -0.898182057875426625, 0.898182057875426625, -0.922428603042812128, 0.922428603042812128, -0.943495353464441879, 0.943495353464441879, -0.961309694623136332, 0.961309694623136332, -0.975810233714984581, 0.975810233714984581, -0.986947035023371521, 0.986947035023371521, -0.994681919308007078, 0.994681919308007078, -0.998989947776328227, 0.998989947776328227
-0.028816748199341777, 0.028816748199341777, -0.086354518263248215, 0.086354518263248215, -0.143605427316256153, 0.143605427316256153, -0.200379293606213569, 0.200379293606213569, -0.256487520069997300, 0.256487520069997300, -0.311743720834468228, 0.311743720834468228, -0.365964340372191181, 0.365964340372191181, -0.418969263255204528, 0.418969263255204528, -0.470582412481382283, 0.470582412481382283, -0.520632334385933073, 0.520632334385933073, -0.568952768195209429, 0.568952768195209429, -0.615383198331127370, 0.615383198331127370, -0.659769387631983124, 0.659769387631983124, -0.701963889719172919, 0.701963889719172919, -0.741826538809184316, 0.741826538809184316, -0.779224915346254021, 0.779224915346254021, -0.814034785913567835, 0.814034785913567835, -0.846140515970772949, 0.846140515970772949, -0.875435454065568939, 0.875435454065568939, -0.901822286284701580, 0.901822286284701580, -0.925213359866651486, 0.925213359866651486, -0.945530975164995853, 0.945530975164995853, -0.962707645785923583, 0.962707645785923583, -0.976686328857903237, 0.976686328857903237, -0.987420637397343558, 0.987420637397343558, -0.994875117018338884, 0.994875117018338884, -0.999026666867340983, 0.999026666867340983
0, -0.056572753818336776, 0.056572753818336776, -0.112964288059329266, 0.112964288059329266, -0.168993963646873208, 0.168993963646873208, -0.224482300647845483, 0.224482300647845483, -0.279251553200806538, 0.279251553200806538, -0.333126278890023885, 0.333126278890023885, -0.385933900740979429, 0.385933900740979429, -0.437505260037174591, 0.437505260037174591, -0.487675158187474097, 0.487675158187474097, -0.536282885908343296, 0.536282885908343296, -0.583172738026032102, 0.583172738026032102, -0.628194512249928140, 0.628194512249928140, -0.671203990319826395, 0.671203990319826395, -0.712063399986637838, 0.712063399986637838, -0.750641856348021908, 0.750641856348021908, -0.786815781127622365, 0.786815781127622365, -0.820469298559320912, 0.820469298559320912, -0.851494606617154471, 0.851494606617154471, -0.879792322419895506, 0.879792322419895506, -0.905271800744000025, 0.905271800744000025, -0.927851424720791696, 0.927851424720791696, -0.947458868041210741, 0.947458868041210741, -0.964031328593135198, 0.964031328593135198, -0.977515735503989208, 0.977515735503989208, -0.987868941198889198, 0.987868941198889198, -0.995057977847411875, 0.995057977847411875, -0.999061419564818541, 0.999061419564818541
-0.027797035287275437, 0.027797035287275437, -0.083305186822435374, 0.083305186822435374, -0.138555846810376242, 0.138555846810376242, -0.193378238635275258, 0.193378238635275258, -0.247602909434337203, 0.247602909434337203, -0.301062253867220669, 0.301062253867220669, -0.353591032174954520, 0.353591032174954520, -0.405026880927091278, 0.405026880927091278, -0.455210814878459578, 0.455210814878459578, -0.503987718384381714, 0.503987718384381714, -0.551206824855534618, 0.551206824855534618, -0.596722182770663320, 0.596722182770663320, -0.640393106807006894, 0.640393106807006894, -0.682084612694470455, 0.682084612694470455, -0.721667834450188083, 0.721667834450188083, -0.759020422705128902, 0.759020422705128902, -0.794026922893866498, 0.794026922893866498, -0.826579132142881651, 0.826579132142881651, -0.856576433762748635, 0.856576433762748635, -0.883926108327827540, 0.883926108327827540, -0.908543620420655490, 0.908543620420655490, -0.930352880247496300, 0.930352880247496300, -0.949286479561962635, 0.949286479561962635, -0.965285901905490183, 0.965285901905490183, -0.978301709140256383, 0.978301709140256383, -0.988293715540161511, 0.988293715540161511, -0.995231226081069747, 0.995231226081069747, -0.999094343801465584, 0.999094343801465584
0, -0.054607151001646824, 0.054607151001646824, -0.109051332808787800, 0.109051332808787800, -0.163170062591264251, 0.163170062591264251, -0.216801828796124036, 0.216801828796124036, -0.269786573161838765, 0.269786573161838765, -0.321966168395378640, 0.321966168395378640, -0.373184890086594458, 0.373184890086594458, -0.423289881451563950, 0.423289881451563950, -0.472131609517975709, 0.472131609517975709, -0.519564311391187606, 0.519564311391187606, -0.565446429269236759, 0.565446429269236759, -0.609641032908715365, 0.609641032908715365, -0.652016228280976891, 0.652016228280976891, -0.692445551199517739, 0.692445551199517739, -0.730808344744523322, 0.730808344744523322, -0.766990119359450195, 0.766990119359450195, -0.800882894547218242, 0.800882894547218242, -0.832385521150439120, 0.832385521150439120, -0.861403983262046944, 0.861403983262046944, -0.887851678882221329, 0.887851678882221329, -0.911649678521391212, 0.911649678521391212, -0.932726961067101696, 0.932726961067101696, -0.951020626447876741, 0.951020626447876741, -0.966476085171886679, 0.966476085171886679, -0.979047226709468713, 0.979047226709468713, -0.988696577650222048, 0.988696577650222048, -0.995395523678430311, 0.995395523678430311, -0.999125565625262850, 0.999125565625262850
-0.026847012365942355, 0.026847012365942355, -0.080463630214142729, 0.080463630214142729, -0.133848250595466857, 0.133848250595466857, -0.186846951835761321, 0.186846951835761321, -0.239306924966153454, 0.239306924966153454, -0.291076914311109189, 0.291076914311109189, -0.342007653597995261, 0.342007653597995261, -0.391952296330753150, 0.391952296330753150, -0.440766839186839565, 0.440766839186839565, -0.488310537216718463, 0.488310537216718463, -0.534446309648847586, 0.534446309648847586, -0.579041135130225030, 0.579041135130225030, -0.621966435263079111, 0.621966435263079111, -0.663098445332125266, 0.663098445332125266, -0.702318571153908113, 0.702318571153908113, -0.739513731020042267, 0.739513731020042267, -0.774576681749652745, 0.774576681749652745, -0.807406327913088141, 0.807406327913088141, -0.837908013339373316, 0.837908013339373316, -0.865993794074807479, 0.865993794074807479, -0.891582692022030176, 0.891582692022030176, -0.914600928564352540, 0.914600928564352540, -0.934982137588259348, 0.934982137588259348, -0.952667557518869091, 0.952667557518869091, -0.967606202502924090, 0.967606202502924090, -0.979755014694350309, 0.979755014694350309, -0.989079008248442636, 0.989079008248442636, -0.995551476597290902, 0.995551476597290902, -0.999155200407386606, 0.999155200407386606
0, -0.052773484088310003, 0.052773484088310003, -0.105399879016344143, 0.105399879016344143, -0.157732505587857968, 0.157732505587857968, -0.209625503392036544, 0.209625503392036544, -0.260934237342811711, 0.260934237342811711, -0.311515700803013700, 0.311515700803013700, -0.361228914169794809, 0.361228914169794809, -0.409935317810418966, 0.409935317810418966, -0.457499158253266690, 0.457499158253266690, -0.503787866557717978, 0.503787866557717978, -0.548672427808396384, 0.548672427808396384, -0.592027740704030144, 0.592027740704030144, -0.633732966238850097, 0.633732966238850097, -0.673671864504937227, 0.673671864504937227, -0.711733118677197731, 0.711733118677197731, -0.747810645278640231, 0.747810645278640231, -0.781803889862360905, 0.781803889862360905, -0.813618107288211571, 0.813618107288211571, -0.843164625816872201, 0.843164625816872201, -0.870361094292882260, 0.870361094292882260, -0.895131711743472085, 0.895131711743472085, -0.917407438788155281, 0.917407438788155281, -0.937126190353453859, 0.937126190353453859, -0.954233009376951055, 0.954233009376951055, -0.968680221681781531, 0.968680221681781531, -0.980427573956715688, 0.980427573956715688, -0.989442365133730931, 0.989442365133730931, -0.995699640383245964, 0.995699640383245964, -0.999183353909294683, 0.999183353909294683
-0.025959772301247798, 0.025959772301247798, -0.077809333949536569, 0.077809333949536569, -0.129449135396945003, 0.129449135396945003, -0.180739964873425417, 0.180739964873425417, -0.231543551376029338, 0.231543551376029338, -0.281722937423261691, 0.281722937423261691, -0.331142848268448194, 0.331142848268448194, -0.379670056576797977, 0.379670056576797977, -0.427173741583078389, 0.427173741583078389, -0.473525841761707111, 0.473525841761707111, -0.518601400058569747, 0.518601400058569747, -0.562278900753944539, 0.562278900753944539, -0.604440597048510363, 0.604440597048510363, -0.644972828489477067, 0.644972828489477067, -0.683766327381355437, 0.683766327381355437, -0.720716513355730399, 0.720716513355730399, -0.755723775306585686, 0.755723775306585686, -0.788693739932264054, 0.788693739932264054, -0.819537526162145759, 0.819537526162145759, -0.848171984785929632, 0.848171984785929632, -0.874519922646898315, 0.874519922646898315, -0.898510310810045941, 0.898510310810045941, -0.920078476177627552, 0.920078476177627552, -0.939166276116423249, 0.939166276116423249, -0.955722255839996107, 0.955722255839996107, -0.969701788765052733, 0.969701788765052733, -0.981067201752598185, 0.981067201752598185, -0.989787895222221717, 0.989787895222221717, -0.995840525118838173, 0.995840525118838173, -0.999210123227436022, 0.999210123227436022
0, -0.051058906707974349, 0.051058906707974349, -0.101984606562274068, 0.101984606562274068, -0.152644240230815300, 0.152644240230815300, -0.202905642518058499, 0.202905642518058499, -0.252637687169053495, 0.252637687169053495, -0.301710628963030712, 0.301710628963030712, -0.349996442204066834, 0.349996442204066834, -0.397369154725756609, 0.397369154725756609, -0.443705176538531601, 0.443705176538531601, -0.488883622262252118, 0.488883622262252118, -0.532786626502925265, 0.532786626502925265, -0.575299651350830618, 0.575299651350830618, -0.616311785197921724, 0.616311785197921724, -0.655716032095070871, 0.655716032095070871, -0.693409590894491155, 0.693409590894491155, -0.729294123449465109, 0.729294123449465109, -0.763276011172312197, 0.763276011172312197, -0.795266599282359649, 0.795266599282359649, -0.825182428108659950, 0.825182428108659950, -0.852945450847663445, 0.852945450847663445, -0.878483237214881032, 0.878483237214881032, -0.901729162474001170, 0.901729162474001170, -0.922622581382955261, 0.922622581382955261, -0.941108986681361147, 0.941108986681361147, -0.957140151912984091, 0.957140151912984091, -0.970674258833182908, 0.970674258833182908, -0.981676011284037079, 0.981676011284037079, -0.990116745232517050, 0.990116745232517050, -0.995974599815120234, 0.995974599815120234, -0.999235597631363471, 0.999235597631363471
-0.025129291421820614, 0.025129291421820614, -0.075324395496234332, 0.075324395496234332, -0.125329223615896808, 0.125329223615896808, -0.175017459249015628, 0.175017459249015628, -0.224263585604165531, 0.224263585604165531, -0.272943202696726343, 0.272943202696726343, -0.320933341594194004, 0.320933341594194004, -0.368112775046564529, 0.368112775046564529, -0.414362323717126048, 0.414362323717126048, -0.459565157240113395, 0.459565157240113395, -0.503607089344755955, 0.503607089344755955, -0.546376866300251095, 0.546376866300251095, -0.587766447953087338, 0.587766447953087338, -0.627671280646885180, 0.627671280646885180, -0.665990561335479446, 0.665990561335479446, -0.702627492222297055, 0.702627492222297055, -0.737489525283156749, 0.737489525283156749, -0.770488596055419318, 0.770488596055419318, -0.801541346103976371, 0.801541346103976371, -0.830569333604004851, 0.830569333604004851, -0.857499231512070922, 0.857499231512070922, -0.882263012831897363, 0.882263012831897363, -0.904798122521093465, 0.904798122521093465, -0.925047635636203755, 0.925047635636203755, -0.942960401392328503, 0.942960401392328503, -0.958491172973927092, 0.958491172973927092, -0.971600723371651806, 0.971600723371651806, -0.982255949097236649, 0.982255949097236649, -0.990429971189290352, 0.990429971189290352, -0.996102296316267132, 0.996102296316267132, -0.999259859308777029, 0.999259859308777029
0, -0.049452187116159627, 0.049452187116159627, -0.098783356446945279, 0.098783356446945279, -0.147872786357871968, 0.147872786357871968, -0.196600346791506684, 0.196600346791506684, -0.244846793245953362, 0.244846793245953362, -0.292494058586251440, 0.292494058586251440, -0.339425541974584402, 0.339425541974584402, -0.385526394212247892, 0.385526394212247892, -0.430683798795111600, 0.430683798795111600, -0.474787247994804399, 0.474787247994804399, -0.517728813290033248, 0.517728813290033248, -0.559403409486285013, 0.559403409486285013, -0.599709051877625235, 0.599709051877625235, -0.638547105821365385, 0.638547105821365385, -0.675822528114986090, 0.675822528114986090, -0.711444099584845807, 0.711444099584845807, -0.745324648317847417, 0.745324648317847417, -0.777381262990372335, 0.777381262990372335, -0.807535495773456760, 0.807535495773456760, -0.835713554319502843, 0.835713554319502843, -0.861846482364123719, 0.861846482364123719, -0.885870328507853426, 0.885870328507853426, -0.907726302778531558, 0.907726302778531558, -0.927360920621843205, 0.927360920621843205, -0.944726134041009802, 0.944726134041009802, -0.959779449758941927, 0.959779449758941927, -0.972484034697570022, 0.972484034697570022, -0.982808810593727234, 0.982808810593727234, -0.990728546892189466, 0.990728546892189466, -0.996224012777970108, 0.996224012777970108, -0.999282984029123780, 0.999282984029123780
-0.024350292663424432, 0.024350292663424432, -0.072993121787799039, 0.072993121787799039, -0.121462819296120554, 0.121462819296120554, -0.169644420423992818, 0.169644420423992818, -0.217423643740007084, 0.217423643740007084, -0.264687162208767416, 0.264687162208767416, -0.311322871990210956, 0.311322871990210956, -0.357220158337668115, 0.357220158337668115, -0.402270157963991603, 0.402270157963991603, -0.446366017253464087, 0.446366017253464087, -0.489403145707052957, 0.489403145707052957, -0.531279464019894545, 0.531279464019894545, -0.571895646202634034, 0.571895646202634034, -0.611155355172393250, 0.611155355172393250, -0.648965471254657339, 0.648965471254657339, -0.685236313054233242, 0.685236313054233242, -0.719881850171610826, 0.719881850171610826, -0.752819907260531896, 0.752819907260531896, -0.783972358943341407, 0.783972358943341407, -0.813265315122797559, 0.813265315122797559, -0.840629296252580362, 0.840629296252580362, -0.865999398154092819, 0.865999398154092819, -0.889315445995114105, 0.889315445995114105, -0.910522137078502805, 0.910522137078502805, -0.929569172131939575, 0.929569172131939575, -0.946411374858402816, 0.946411374858402816, -0.961008799652053718, 0.961008799652053718, -0.973326827789910963, 0.973326827789910963, -0.983336253884625956, 0.983336253884625956, -0.991013371476744320, 0.991013371476744320, -0.996340116771955279, 0.996340116771955279, -0.999305041735772139, 0.999305041735772139
